4.222034186947546536e-02
-6.741630611005955398e-01
3.569254266026857247e-01
5.340590529316641133e-02
1.248524247584710534e-01
2.331255338154615830e-01
-5.511227326792432768e-01
2.790017192978661575e-01
4.261657418284530152e-01
1.306196681808183546e-01
3.317555301917994859e-01
3.300245456177224868e-01
-2.256297123371654445e-01
-2.074003262801867864e-01
3.521761633762734434e-01
2.836689160407127597e-01
7.457579025125476990e-02
2.444256457385094172e-01
-6.704453770156045822e-01
-4.577063975045636557e-02
3.313136953367805670e-01
4.097596392142139887e-01
2.559210492213233046e-01
3.734814551662041238e-01
3.714871957955632187e-01
