3.206347668178577415e-02
9.792397360055262734e-01
4.504279237674240211e-01
2.276663069915263460e-02
7.797623339130351772e-01
1.022204501310196578e-01
9.560852061349376374e-01
1.950649500541459247e-01
5.232668726716372953e-01
7.492641908725279354e-01
2.964906850974009522e-01
2.275185232910811317e-01
8.717742451951346894e-01
8.699506730422431611e-01
3.038729908188533280e-01
6.348009472218751892e-01
3.923853706277680153e-02
6.663547576379587056e-01
9.931612299492974527e-01
8.436883276168802848e-01
3.571122822871931612e-01
5.531652847037106246e-01
1.685188787463253179e-01
6.325689993077621143e-01
2.869308523217412032e-01
