6.314804752249094655e-01
7.274379569247514388e-01
2.258582834927655991e-01
7.706309643188591352e-02
3.981428011508890696e-01
1.172167632366759582e-01
5.127121656347691792e-01
8.359943941841121440e-01
9.290251541945201419e-01
3.789563624058203128e-01
1.168850007805318780e-01
4.331133444769917906e-01
1.863026398561199448e-01
2.932825906966298746e-01
3.238671339573716557e-01
5.282758950259034414e-01
3.006859029027897368e-01
3.889377113360503735e-02
1.018954553425777121e-02
9.189296696607758275e-01
1.796060036573665641e-01
5.173662632903629488e-01
4.983481409679477725e-01
2.685006520401725938e-01
5.675561476044006515e-01
