-6.400216800147408014e-01
-4.257877717940988238e-01
-4.540566271057340231e-01
-1.120881650869680057e-01
-6.000239143493328875e-01
-2.148438598916842524e-01
-6.373602913770587408e-01
3.021533800525175173e-01
1.502262800684506017e+00
-4.827237714766803300e-01
-3.282337420279001772e-01
-6.528194862805953846e-01
-2.967404180936821789e-01
-4.603535352907082157e-01
-5.516743161317981814e-01
-7.446932503839016615e-01
-5.302910235617261936e-01
-1.125048140001215780e-01
-4.030633120426196231e-02
1.259149848418458451e+00
-2.428859597191931896e-01
-7.381466589153407032e-01
-6.337713823459439899e-01
-4.584269231824151802e-01
-6.179100905942505051e-01
